0110005
0111398
0112102
0112455
0112985
0113593
0113752
0114072
0115295
0116357
0118094
0118172
0118327
0118753
0119373
0119612
0088123
0088125
0088403
0088408
0088840
0090048
0091787
0094939
0094943
0095170
0096656
0097709
0099316
0099779
0100361
0100362
0101978
0103666
0104577
0105552
0106185
0108905
0109582
0088127
0088128
0088406
0088458
0089419
0089443
0089564
0091785
0092519
0092573
0094049
0097264
0103469
0103884
0104160
0104572
0106217
0108833
0109305
0088019
0088049
0088066
0088120
0088993
0090793
0090794
0091463
0091464
0093055
0094121
0094716
0094940
0095162
0095929
0097981
0097985
0098992
0098994
0099952
0101243
0101580
0103146
